   0.0000000000000000     
   5.0000000000000000     
   10.000000000000000     
   15.000000000000000     
   20.000000000000000     
   25.000000000000000     
   30.000000000000000     
   35.000000000000000     
   40.000000000000000     
   45.000000000000000     
   50.000000000000000     
   55.000000000000000     
   60.000000000000000     
   65.000000000000000     
   70.000000000000000     
   75.000000000000000     
   80.000000000000000     
   85.000000000000000     
   90.000000000000000     
   95.000000000000000     
   100.00000000000000     
   105.00000000000000     
   110.00000000000000     
   115.00000000000000     
   120.00000000000000     
   125.00000000000000     
   130.00000000000000     
   135.00000000000000     
   140.00000000000000     
   145.00000000000000     
   150.00000000000000     
   155.00000000000000     
   160.00000000000000     
   165.00000000000000     
   170.00000000000000     
   175.00000000000000     
   180.00000000000000     
   185.00000000000000     
   190.00000000000000     
   195.00000000000000     
   200.00000000000000    
   205.00000000000000     
   210.00000000000000     
   215.00000000000000     
   220.00000000000000     
   225.00000000000000     
   230.00000000000000
   247.0000000000
   249.25000000000000
   250.693359375000
   251.7523203125000
   252.993241875
   254.5759765625000
   255.60000000000000
   257.80000000000000
   259.30000000000000
   260.00000000000000
   260.10000000000000
   260.20000000000000
   260.50000000000000
   260.90000000000000
   261.40000000000000
   262.10000000000000
   262.90000000000000
   263.80000000000000
   264.80000000000000
   265.90000000000000
   267.10000000000000
   268.30000000000000
   259.70000000000000
   259.10000000000000
   258.50000000000000
   257.80000000000000
   256.90000000000000
   256.00000000000000
   254.90000000000000
   253.80000000000000
   252.50000000000000
   251.10000000000000
   249.70000000000000      
