   139.88342285156250     
   139.86511230468750     
   139.80407714843750     
   139.70642089843750     
   139.56604003906250     
   139.38293457031250     
   139.16320800781250     
   138.90075683593750     
   138.59558105468750     
   138.25378417968750     
   137.86315917968750     
   137.42980957031250     
   136.95373535156250     
   136.43493652343750     
   135.86730957031250     
   135.25085449218750     
   134.59167480468750     
   133.88366699218750     
   133.12072753906250     
   132.30285644531250     
   131.43615722656250    
   130.51332473754883     
   129.53123092651367     
   128.48867416381836     
   127.38298416137695     
   126.21149063110352     
   124.97076034545898     
   123.65716934204102     
   122.26690292358398     
   120.79538345336914     
   119.23746109008789     
   117.58779525756836     
   115.83951950073242     
   113.98576736450195     
   112.01795578002930     
   109.92673873901367     
   107.70086288452148     
   105.32793045043945     
   102.79306411743164     
   100.07871627807617     
   97.164669036865234     
   94.026432037353516     
   90.634784698486328     
   86.954746246337891     
   82.942829132080078     
   78.544864654541016     
   73.691043853759766
   52.000
   48.00000000000
   45.000000
   43.00000000
   40.00000000
   37.0000000000000
   35.000
   30.000
   25.000
   20.000
   18.000
   16.000
   15.000
   14.000
   13.000
   12.000
   11.000
   10.000
   9.000
   8.000
   7.000
   6.000
   16.000
   15.000
   14.000
   13.000
   12.000
   11.000
   10.000
   9.000
   8.000
   7.000
   6.000      
