   0.00000000000000000000000000000000000      
   10.0000000000000000000000000000000000      
   20.0000000000000000000000000000000000      
   30.0000000000000000000000000000000000      
   40.0000000000000000000000000000000000      
   50.0000000000000000000000000000000000      
   60.0000000000000000000000000000000000      
   70.0000000000000000000000000000000000      
   80.0000000000000000000000000000000000      
   90.0000000000000000000000000000000000      
   100.000000000000000000000000000000000       
   110.000000000000000000000000000000000      
   120.000000000000000000000000000000000      
   130.000000000000000000000000000000000      
   140.000000000000000000000000000000000      
   150.000000000000000000000000000000000      
   160.000000000000000000000000000000000      
   170.000000000000000000000000000000000      
   180.000000000000000000000000000000000      
   190.000000000000000000000000000000000      
   200.000000000000000000000000000000000     
   210.000000000000000000000000000000000      
   220.000000000000000000000000000000000      
   230.000000000000000000000000000000000
   240.000000000000000000000000000000000
   244.1000000000000000000000
   248.40000000000000000000000000
   252.20000000000000000000000000
   255.500000000000000000
   258.500000000000000000000
   259.50000000000000000000000
   262.20000000000000000
   264.100000000000000000
   265.30000000000000
   266.0000000000000
   266.00000000000000
   265.6000000000
   264.900000000000
   264.2000000000
   263.20000000000
   261.000000000000000
   253.600000000000000
           
