   0.0000000000000000             
   30.000000000000000            
   60.000000000000000             
   90.000000000000000            
   120.00000000000000             
   150.00000000000000            
   180.00000000000000             
   210.00000000000000             
   240.00000000000000             
   270.00000000000000             
   300.00000000000000            
   330.00000000000000             
   360.00000000000000             
   390.00000000000000            
   420.00000000000000            
   450.00000000000000            
   480.00000000000000            
   510.00000000000000            
   540.00000000000000           
   570.00000000000000           
   600.00000000000000 
   630.00000000000000        
   660.00000000000000
   690.00000000000000 
   720.00000000000000
 
