           136.31054687500000     
           136.23632812500000     
           136.00976562500000     
           135.63476562500000     
           135.10351562500000     
          134.41601562500000     
           133.56445312500000     
          132.54882812500000
         131.36132812500000     
         129.99023437500000     
           128.42382812500000     
          126.65820312500000     
          124.66992187500000     
           122.44726562500000     
           119.96289062500000     
          117.19335937500000     
           114.10742187500000     
          110.65820312500000     
           106.79882812500000     
           102.45507812500000     
           97.541015625000000     
         91.931640625000000     
           85.459960937500000     
           77.885742187500000     
          68.819335937500000     
